224,3
224,2
224,1
224,0
192,3
192,2
192,1
192,0
64,4
64,3
64,2
64,1
64,0
0,9
0,12
0,10
0,8
0,0
0,63
0,62
0,61
0,60
0,59
0,58
0,57
0,56
0,55
0,54
0,53
0,52
0,51
0,50
0,49
0,48
0,47
0,46
0,45
0,6
0,5
0,1
0,11
0,4
0,2
0,3
0,7
225,3
225,2
225,1
225,0
193,4
193,3
193,2
193,1
193,0
1,1
1,3
1,0
226,4
226,3
226,2
226,1
226,0
194,3
194,2
194,1
194,0
2,5
2,2
2,1
2,4
2,3
2,0
227,3
227,2
227,1
227,0
195,3
195,2
195,1
195,0
67,6
67,5
67,4
67,3
67,2
67,1
67,0
3,3
3,1
3,0
0,243
0,255
0,254
0,253
0,252
0,251
0,250
0,249
0,248
0,247
0,246
0,245
0,244
0,242
0,241
0,240
0,239
0,238
0,237
0,236
0,235
0,234
0,233
0,232
0,231
0,230
0,229
0,228
0,227
0,226
0,225
0,224
0,223
0,222
0,221
0,220
0,219
0,218
0,217
0,216
0,215
0,214
0,213
0,212
0,211
0,210
0,209
0,208
0,207
0,206
0,205
0,204
0,203
0,202
0,201
0,200
0,199
0,198
0,197
0,196
0,195
0,194
0,193
0,192
228,4
228,3
228,2
228,1
228,0
196,3
196,2
196,1
196,0
0,310
0,305
0,308
0,307
0,302
0,304
0,303
0,300
0,299
0,298
0,297
0,296
0,295
0,294
0,293
0,318
0,292
0,291
0,290
0,289
0,288
0,287
0,286
0,285
0,284
0,283
0,282
0,281
0,280
0,279
0,278
0,277
0,276
0,275
0,274
0,273
0,272
0,271
0,270
0,269
0,268
0,267
0,266
0,265
0,264
0,263
0,262
0,261
0,319
0,260
0,259
0,258
0,257
0,256
0,317
0,316
0,315
0,314
0,313
0,312
0,311
0,309
0,306
0,301
229,3
229,2
229,1
229,0
197,4
197,3
197,2
197,1
197,0
0,333
0,330
0,322
0,350
0,345
0,383
0,381
0,380
0,379
0,382
0,378
0,377
0,374
0,344
0,373
0,372
0,371
0,370
0,375
0,367
0,369
0,366
0,365
0,364
0,363
0,362
0,360
0,359
0,358
0,357
0,356
0,355
0,354
0,353
0,352
0,349
0,348
0,347
0,346
0,343
0,342
0,341
0,340
0,339
0,338
0,337
0,336
0,335
0,334
0,332
0,331
0,329
0,328
0,351
0,327
0,326
0,325
0,324
0,323
0,321
0,320
0,376
0,368
0,361
230,3
230,2
230,1
230,0
198,3
198,2
198,1
198,0
0,430
0,408
0,417
0,418
0,415
0,414
0,413
0,392
0,412
0,411
0,410
0,435
0,406
0,405
0,404
0,403
0,434
0,399
0,397
0,389
0,395
0,394
0,393
0,432
0,391
0,388
0,416
0,387
0,386
0,402
0,385
0,398
0,384
0,421
0,396
0,424
0,407
0,409
0,441
0,446
0,419
0,401
0,447
0,444
0,443
0,442
0,400
0,440
0,445
0,439
0,438
0,437
0,429
0,433
0,431
0,428
0,436
0,427
0,426
0,422
0,425
0,390
0,423
0,420
231,4
231,3
231,2
231,1
231,0
199,5
199,4
199,3
199,2
199,1
199,0
0,494
0,490
0,481
0,477
0,474
0,473
0,466
0,460
0,458
0,453
0,449
0,448
0,462
0,499
0,483
0,498
0,497
0,493
0,492
0,491
0,488
0,479
0,461
0,487
0,486
0,452
0,485
0,482
0,496
0,476
0,501
0,475
0,472
0,500
0,495
0,511
0,510
0,489
0,463
0,480
0,509
0,471
0,508
0,455
0,470
0,507
0,456
0,506
0,451
0,505
0,468
0,450
0,469
0,478
0,504
0,503
0,454
0,457
0,467
0,502
0,465
0,484
0,459
0,464
232,3
232,2
232,1
232,0
200,3
200,2
200,1
200,0
0,568
0,564
0,563
0,560
0,535
0,562
0,561
0,531
0,530
0,543
0,529
0,572
0,544
0,527
0,542
0,526
0,574
0,556
0,567
0,534
0,555
0,522
0,521
0,565
0,540
0,573
0,516
0,557
0,515
0,532
0,571
0,514
0,552
0,566
0,554
0,551
0,550
0,570
0,528
0,549
0,536
0,559
0,513
0,569
0,512
0,525
0,524
0,518
0,539
0,533
0,558
0,538
0,519
0,537
0,520
0,546
0,517
0,548
0,545
0,547
0,575
0,523
0,553
0,541
233,4
233,3
233,2
233,1
233,0
201,3
201,2
201,1
201,0
234,3
234,2
234,1
234,0
202,4
202,3
202,2
202,1
202,0
235,5
235,4
235,3
235,2
235,1
235,0
203,3
203,2
203,1
203,0
236,3
236,2
236,1
236,0
204,4
204,3
204,2
204,1
204,0
237,3
237,2
237,1
237,0
205,3
205,2
205,1
205,0
45,3
45,2
45,1
45,0
238,4
238,3
238,2
238,1
238,0
206,3
206,2
206,1
206,0
239,3
239,2
239,1
239,0
207,4
207,3
207,2
207,1
207,0
47,3
47,2
47,1
47,0
240,4
240,3
240,2
240,1
240,0
208,3
208,2
208,1
208,0
48,5
48,4
48,3
48,2
48,1
48,0
241,3
241,2
241,1
241,0
209,4
209,3
209,2
209,1
209,0
49,3
49,2
49,1
49,0
242,3
242,2
242,1
242,0
210,3
210,2
210,1
210,0
50,3
50,2
50,1
50,0
243,4
243,3
243,2
243,1
243,0
211,5
211,4
211,3
211,2
211,1
211,0
51,4
51,3
51,2
51,1
51,0
212,3
212,2
212,1
212,0
52,3
52,2
52,1
52,0
213,3
213,2
213,1
213,0
53,4
53,3
53,2
53,1
53,0
214,4
214,3
214,2
214,1
214,0
54,4
54,3
54,2
54,1
54,0
215,3
215,2
215,1
215,0
55,4
55,3
55,2
55,1
55,0
216,4
216,3
216,2
216,1
216,0
217,3
217,2
217,1
217,0
185,3
185,2
185,1
185,0
57,4
57,3
57,2
57,1
57,0
218,3
218,2
218,1
218,0
186,4
186,3
186,2
186,1
186,0
219,4
219,3
219,2
219,1
219,0
187,3
187,2
187,1
187,0
59,4
59,3
59,2
59,1
59,0
220,3
220,2
220,1
220,0
188,4
188,2
188,5
188,1
188,3
188,0
221,4
221,3
221,2
221,1
221,0
189,3
189,2
189,1
189,0
222,3
222,2
222,1
222,0
190,3
190,2
190,1
190,0
62,4
62,3
62,2
62,1
62,0
223,5
223,4
223,3
223,2
223,1
223,0
191,4
191,3
191,2
191,1
191,0
